Block 0: [ 5. 13.  6.]	[ 0.25 -4.25 -0.75]
Block 1: [ 6.  14.5  5.5]	[ 0. -5.  0.]
Block 2: [5.5 9.  5.5]	[0.5  2.25 0.5 ]
Block 3: [5.5 8.5 5.5]	[-0.5  2.  -0.5]
Block 4: [ 5.5 13.   5.5]	[-0.5  0.  -0.5]
Block 5: [6.  7.5 6. ]	[-0.75 -1.5   0.  ]
Block 6: [12.  5.  7.]	[-3.75 -0.25 -1.25]
Block 7: [11.5  5.5  7. ]	[ 0.  -0.5  0. ]
Block 8: [ 6.  10.5  5.5]	[ 0.75  3.   -0.5 ]
Block 9: [ 6.5  6.  10.5]	[-1.    0.75 -3.  ]
Block 10: [9.5 6.5 7. ]	[-2.5   1.    1.25]
Block 11: [7. 7. 7.]	[ 1.25 -1.25  0.  ]