Block 0: [ 7.   6.  14.5]	[ 0.    0.75 -5.  ]
Block 1: [13.   6.5  5.5]	[4.25 0.   0.  ]
Block 2: [6.  6.5 7. ]	[0. 0. 0.]
Block 3: [7.5 4.5 7. ]	[ -1.5.   0.   1.5] # cut
Block 4: [ 5.5 13.5  6.5]	[ 0.5  0.  -1. ]
Block 5: [ 4.5 14.   6.5]	[ 0.  0. -1.]
Block 6: [ 6.5  4.  13. ]	[-1. -0.  0.]
Block 7: [ 5.   6.5 12.5]	[ 0.25 -1.    0.  ]
Block 8: [5.5 6.  6.5]	[-0.5   0.75  1.  ]
Block 9: [10.5  5.   4.5]	[-3.    0.25  0.  ]
Block 10: [ 5.5 14.5  6. ]	[-0.5   5.    0.75]
Block 11: [10.5  5.   5. ]	[ 0.    0.   -0.25]
Block 12: [5.  9.5 6. ]	[ 0.  -2.5  0. ]
Block 13: [ 5.   4.  14.5]	[-0.25 -0.   -5.  ]
Block 14: [4.  8.5 4.5]	[-0.  2.  0.]
Block 15: [6.5 5.  4. ]	[ 1.   -0.25 -0.25]